function [cdf3, PAPR3,seri_data3,BD_data]=subblok8ccdf(qpsk,BD_data,symbol_per_carrier,subcarrier,Phase_Set);

Vt = 8;   
V= 2*Vt; %Perbedaan PTS enhanced dgn biasa, terdapat peningkatan jumlah subblok, namun kombinasi tetap. N/2V
Choose = [1 1 1 1 1 1 1 1 1 1 1 1 1 1 1 1; 1 1 1 1 1 1 1 2 2 1 1 1 1 1 1 1; 1 1 1 1 1 1 2 1 1 2 1 1 1 1 1 1; 1 1 1 1 1 1 2 2 2 2 1 1 1 1 1 1;...
          1 1 1 1 1 2 1 1 1 1 2 1 1 1 1 1; 1 1 1 1 1 2 1 2 2 1 2 1 1 1 1 1; 1 1 1 1 1 2 2 1 1 2 2 1 1 1 1 1; 1 1 1 1 1 2 2 2 2 2 2 1 1 1 1 1;...
          1 1 1 1 2 1 1 1 1 1 1 2 1 1 1 1; 1 1 1 1 2 1 1 2 2 1 1 2 1 1 1 1; 1 1 1 1 2 1 2 1 1 2 1 2 1 1 1 1; 1 1 1 1 2 1 2 2 2 2 1 2 1 1 1 1;...
          1 1 1 1 2 2 1 1 1 1 2 2 1 1 1 1; 1 1 1 1 2 2 1 2 2 1 2 2 1 1 1 1; 1 1 1 1 2 2 2 1 1 2 2 2 1 1 1 1; 1 1 1 1 2 2 2 2 2 2 2 2 1 1 1 1;...
          1 1 1 2 1 1 1 1 1 1 1 1 2 1 1 1; 1 1 1 2 1 1 1 2 2 1 1 1 2 1 1 1; 1 1 1 2 1 1 2 1 1 2 1 1 2 1 1 1; 1 1 1 2 1 1 2 2 2 2 1 1 2 1 1 1;...
          1 1 1 2 1 2 1 1 1 1 2 1 2 1 1 1; 1 1 1 2 1 2 1 2 2 1 2 1 2 1 1 1; 1 1 1 2 1 2 2 1 1 2 2 1 2 1 1 1; 1 1 1 2 1 2 2 2 2 2 2 1 2 1 1 1;...
          1 1 1 2 2 1 1 1 1 1 1 2 2 1 1 1; 1 1 1 2 2 1 1 2 2 1 1 2 2 1 1 1; 1 1 1 2 2 1 2 1 1 2 1 2 2 1 1 1; 1 1 1 2 2 1 2 2 2 2 1 2 2 1 1 1;...
          1 1 1 2 2 2 1 1 1 1 2 2 2 1 1 1; 1 1 1 2 2 2 1 2 2 1 2 2 2 1 1 1; 1 1 1 2 2 2 2 1 1 2 2 2 2 1 1 1; 1 1 1 2 2 2 2 2 2 2 2 2 2 1 1 1;...          
          1 1 2 1 1 1 1 1 1 1 1 1 1 2 1 1; 1 1 2 1 1 1 1 2 2 1 1 1 1 2 1 1; 1 1 2 1 1 1 2 1 1 2 1 1 1 2 1 1; 1 1 2 1 1 1 2 2 2 2 1 1 1 2 1 1;...
          1 1 2 1 1 2 1 1 1 1 2 1 1 2 1 1; 1 1 2 1 1 2 1 2 2 1 2 1 1 2 1 1; 1 1 2 1 1 2 2 1 1 2 2 1 1 2 1 1; 1 1 2 1 1 2 2 2 2 2 2 1 1 2 1 1;...
          1 1 2 1 2 1 1 1 1 1 1 2 1 2 1 1; 1 1 2 1 2 1 1 2 2 1 1 2 1 2 1 1; 1 1 2 1 2 1 2 1 1 2 1 2 1 2 1 1; 1 1 2 1 2 1 2 2 2 2 1 2 1 2 1 1;...
          1 1 2 1 2 2 1 1 1 1 2 2 1 2 1 1; 1 1 2 1 2 2 1 2 2 1 2 2 1 2 1 1; 1 1 2 1 2 2 2 1 1 2 2 2 1 2 1 1; 1 1 2 1 2 2 2 2 2 2 2 2 1 2 1 1;...
          1 1 2 2 1 1 1 1 1 1 1 1 2 2 1 1; 1 1 2 2 1 1 1 2 2 1 1 1 2 2 1 1; 1 1 2 2 1 1 2 1 1 2 1 1 2 2 1 1; 1 1 2 2 1 1 2 2 2 2 1 1 2 2 1 1;...
          1 1 2 2 1 2 1 1 1 1 2 1 2 2 1 1; 1 1 2 2 1 2 1 2 2 1 2 1 2 2 1 1; 1 1 2 2 1 2 2 1 1 2 2 1 2 2 1 1; 1 1 2 2 1 2 2 2 2 2 2 1 2 2 1 1;...
          1 1 2 2 2 1 1 1 1 1 1 2 2 2 1 1; 1 1 2 2 2 1 1 2 2 1 1 2 2 2 1 1; 1 1 2 2 2 1 2 1 1 2 1 2 2 2 1 1; 1 1 2 2 2 1 2 2 2 2 1 2 2 2 1 1;...
          1 1 2 2 2 2 1 1 1 1 2 2 2 2 1 1; 1 1 2 2 2 2 1 2 2 1 2 2 2 2 1 1; 1 1 2 2 2 2 2 1 1 2 2 2 2 2 1 1; 1 1 2 2 2 2 2 2 2 2 2 2 2 2 1 1;...            
          1 2 1 1 1 1 1 1 1 1 1 1 1 1 2 1; 1 2 1 1 1 1 1 2 2 1 1 1 1 1 2 1; 1 2 1 1 1 1 2 1 1 2 1 1 1 1 2 1; 1 2 1 1 1 1 2 2 2 2 1 1 1 1 2 1;...
          1 2 1 1 1 2 1 1 1 1 2 1 1 1 2 1; 1 2 1 1 1 2 1 2 2 1 2 1 1 1 2 1; 1 2 1 1 1 2 2 1 1 2 2 1 1 1 2 1; 1 2 1 1 1 2 2 2 2 2 2 1 1 1 2 1;...
          1 2 1 1 2 1 1 1 1 1 1 2 1 1 2 1; 1 2 1 1 2 1 1 2 2 1 1 2 1 1 2 1; 1 2 1 1 2 1 2 1 1 2 1 2 1 1 2 1; 1 2 1 1 2 1 2 2 2 2 1 2 1 1 2 1;...
          1 2 1 1 2 2 1 1 1 1 2 2 1 1 2 1; 1 2 1 1 2 2 1 2 2 1 2 2 1 1 2 1; 1 2 1 1 2 2 2 1 1 2 2 2 1 1 2 1; 1 2 1 1 2 2 2 2 2 2 2 2 1 1 2 1;...
          1 2 1 2 1 1 1 1 1 1 1 1 2 1 2 1; 1 2 1 2 1 1 1 2 2 1 1 1 2 1 2 1; 1 2 1 2 1 1 2 1 1 2 1 1 2 1 2 1; 1 2 1 2 1 1 2 2 2 2 1 1 2 1 2 1;...
          1 2 1 2 1 2 1 1 1 1 2 1 2 1 2 1; 1 2 1 2 1 2 1 2 2 1 2 1 2 1 2 1; 1 2 1 2 1 2 2 1 1 2 2 1 2 1 2 1; 1 2 1 2 1 2 2 2 2 2 2 1 2 1 2 1;...
          1 2 1 2 2 1 1 1 1 1 1 2 2 1 2 1; 1 2 1 2 2 1 1 2 2 1 1 2 2 1 2 1; 1 2 1 2 2 1 2 1 1 2 1 2 2 1 2 1; 1 2 1 2 2 1 2 2 2 2 1 2 2 1 2 1;...
          1 2 1 2 2 2 1 1 1 1 2 2 2 1 2 1; 1 2 1 2 2 2 1 2 2 1 2 2 2 1 2 1; 1 2 1 2 2 2 2 1 1 2 2 2 2 1 2 1; 1 2 1 2 2 2 2 2 2 2 2 2 2 2 1 2;...            
          1 2 2 1 1 1 1 1 1 1 1 1 1 2 2 1; 1 2 2 1 1 1 1 2 2 1 1 1 1 2 2 1; 1 2 2 1 1 1 2 1 1 2 1 1 1 2 2 1; 1 2 2 1 1 1 2 2 2 2 1 1 1 2 2 1;...
          1 2 2 1 1 2 1 1 1 1 2 1 1 2 2 1; 1 2 2 1 1 2 1 2 2 1 2 1 1 2 2 1; 1 2 2 1 1 2 2 1 1 2 2 1 1 2 2 1; 1 2 2 1 1 2 2 2 2 2 2 1 1 2 2 1;...
          1 2 2 1 2 1 1 1 1 1 1 2 1 2 2 1; 1 2 2 1 2 1 1 2 2 1 1 2 1 2 2 1; 1 2 2 1 2 1 2 1 1 2 1 2 1 2 2 1; 1 2 2 1 2 1 2 2 2 2 1 2 1 2 2 1;...
          1 2 2 1 2 2 1 1 1 1 2 2 1 2 2 1; 1 2 2 1 2 2 1 2 2 1 2 2 1 2 2 1; 1 2 2 1 2 2 2 1 1 2 2 2 1 2 2 1; 1 2 2 1 2 2 2 2 2 2 2 2 1 2 2 1;...
          1 2 2 2 1 1 1 1 1 1 1 1 2 2 2 1; 1 2 2 2 1 1 1 2 2 1 1 1 2 2 2 1; 1 2 2 2 1 1 2 1 1 2 1 1 2 2 2 1; 1 2 2 2 1 1 2 2 2 2 1 1 2 2 2 1;...
          1 2 2 2 1 2 1 1 1 1 2 1 2 2 2 1; 1 2 2 2 1 2 1 2 2 1 2 1 2 2 2 1; 1 2 2 2 1 2 2 1 1 2 2 1 2 2 2 1; 1 2 2 2 1 2 2 2 2 2 2 1 2 2 2 1;...
          1 2 2 2 2 1 1 1 1 1 1 2 2 2 2 1; 1 2 2 2 2 1 1 2 2 1 1 2 2 2 2 1; 1 2 2 2 2 1 2 1 1 2 1 2 2 2 2 1; 1 2 2 2 2 1 2 2 2 2 1 2 2 2 2 1;...
          1 2 2 2 2 2 1 1 1 1 2 2 2 2 2 1; 1 2 2 2 2 2 1 2 2 1 2 2 2 2 2 1; 1 2 2 2 2 2 2 1 1 2 2 2 2 2 2 1; 1 2 2 2 2 2 2 2 2 2 2 2 2 2 2 1;...      
          2 1 1 1 1 1 1 1 1 1 1 1 1 1 1 2; 1 1 1 1 1 1 1 2 2 1 1 1 1 1 1 1; 1 1 1 1 1 1 2 1 1 2 1 1 1 1 1 1; 1 1 1 1 1 1 2 2 2 2 1 1 1 1 1 1;...
          2 1 1 1 1 2 1 1 1 1 2 1 1 1 1 2; 1 1 1 1 1 2 1 2 2 1 2 1 1 1 1 1; 1 1 1 1 1 2 2 1 1 2 2 1 1 1 1 1; 1 1 1 1 1 2 2 2 2 2 2 1 1 1 1 1;...
          2 1 1 1 2 1 1 1 1 1 1 2 1 1 1 2; 1 1 1 1 2 1 1 2 2 1 1 2 1 1 1 1; 1 1 1 1 2 1 2 1 1 2 1 2 1 1 1 1; 1 1 1 1 2 1 2 2 2 2 1 2 1 1 1 1;...
          2 1 1 1 2 2 1 1 1 1 2 2 1 1 1 2; 1 1 1 1 2 2 1 2 2 1 2 2 1 1 1 1; 1 1 1 1 2 2 2 1 1 2 2 2 1 1 1 1; 1 1 1 1 2 2 2 2 2 2 2 2 1 1 1 1;...
          2 1 1 2 1 1 1 1 1 1 1 1 2 1 1 2; 1 1 1 2 1 1 1 2 2 1 1 1 2 1 1 1; 1 1 1 2 1 1 2 1 1 2 1 1 2 1 1 1; 1 1 1 2 1 1 2 2 2 2 1 1 2 1 1 1;...
          2 1 1 2 1 2 1 1 1 1 2 1 2 1 1 2; 1 1 1 2 1 2 1 2 2 1 2 1 2 1 1 1; 1 1 1 2 1 2 2 1 1 2 2 1 2 1 1 1; 1 1 1 2 1 2 2 2 2 2 2 1 2 1 1 1;...
          2 1 1 2 2 1 1 1 1 1 1 2 2 1 1 2; 1 1 1 2 2 1 1 2 2 1 1 2 2 1 1 1; 1 1 1 2 2 1 2 1 1 2 1 2 2 1 1 1; 1 1 1 2 2 1 2 2 2 2 1 2 2 1 1 1;...
          2 1 1 2 2 2 1 1 1 1 2 2 2 1 1 2; 1 1 1 2 2 2 1 2 2 1 2 2 2 1 1 1; 1 1 1 2 2 2 2 1 1 2 2 2 2 1 1 1; 1 1 1 2 2 2 2 2 2 2 2 2 2 1 1 1;...          
          2 1 2 1 1 1 1 1 1 1 1 1 1 2 1 2; 1 1 2 1 1 1 1 2 2 1 1 1 1 2 1 1; 1 1 2 1 1 1 2 1 1 2 1 1 1 2 1 1; 1 1 2 1 1 1 2 2 2 2 1 1 1 2 1 1;...
          2 1 2 1 1 2 1 1 1 1 2 1 1 2 1 2; 1 1 2 1 1 2 1 2 2 1 2 1 1 2 1 1; 1 1 2 1 1 2 2 1 1 2 2 1 1 2 1 1; 1 1 2 1 1 2 2 2 2 2 2 1 1 2 1 1;...
          2 1 2 1 2 1 1 1 1 1 1 2 1 2 1 2; 1 1 2 1 2 1 1 2 2 1 1 2 1 2 1 1; 1 1 2 1 2 1 2 1 1 2 1 2 1 2 1 1; 1 1 2 1 2 1 2 2 2 2 1 2 1 2 1 1;...
          2 1 2 1 2 2 1 1 1 1 2 2 1 2 1 2; 1 1 2 1 2 2 1 2 2 1 2 2 1 2 1 1; 1 1 2 1 2 2 2 1 1 2 2 2 1 2 1 1; 1 1 2 1 2 2 2 2 2 2 2 2 1 2 1 1;...
          2 1 2 2 1 1 1 1 1 1 1 1 2 2 1 2; 1 1 2 2 1 1 1 2 2 1 1 1 2 2 1 1; 1 1 2 2 1 1 2 1 1 2 1 1 2 2 1 1; 1 1 2 2 1 1 2 2 2 2 1 1 2 2 1 1;...
          2 1 2 2 1 2 1 1 1 1 2 1 2 2 1 2; 1 1 2 2 1 2 1 2 2 1 2 1 2 2 1 1; 1 1 2 2 1 2 2 1 1 2 2 1 2 2 1 1; 1 1 2 2 1 2 2 2 2 2 2 1 2 2 1 1;...
          2 1 2 2 2 1 1 1 1 1 1 2 2 2 1 2; 1 1 2 2 2 1 1 2 2 1 1 2 2 2 1 1; 1 1 2 2 2 1 2 1 1 2 1 2 2 2 1 1; 1 1 2 2 2 1 2 2 2 2 1 2 2 2 1 1;...
          2 1 2 2 2 2 1 1 1 1 2 2 2 2 1 2; 1 1 2 2 2 2 1 2 2 1 2 2 2 2 1 1; 1 1 2 2 2 2 2 1 1 2 2 2 2 2 1 1; 1 1 2 2 2 2 2 2 2 2 2 2 2 2 1 1;...            
          2 2 1 1 1 1 1 1 1 1 1 1 1 1 2 2; 1 2 1 1 1 1 1 2 2 1 1 1 1 1 2 1; 1 2 1 1 1 1 2 1 1 2 1 1 1 1 2 1; 1 2 1 1 1 1 2 2 2 2 1 1 1 1 2 1;...
          2 2 1 1 1 2 1 1 1 1 2 1 1 1 2 2; 1 2 1 1 1 2 1 2 2 1 2 1 1 1 2 1; 1 2 1 1 1 2 2 1 1 2 2 1 1 1 2 1; 1 2 1 1 1 2 2 2 2 2 2 1 1 1 2 1;...
          2 2 1 1 2 1 1 1 1 1 1 2 1 1 2 2; 1 2 1 1 2 1 1 2 2 1 1 2 1 1 2 1; 1 2 1 1 2 1 2 1 1 2 1 2 1 1 2 1; 1 2 1 1 2 1 2 2 2 2 1 2 1 1 2 1;...
          2 2 1 1 2 2 1 1 1 1 2 2 1 1 2 2; 1 2 1 1 2 2 1 2 2 1 2 2 1 1 2 1; 1 2 1 1 2 2 2 1 1 2 2 2 1 1 2 1; 1 2 1 1 2 2 2 2 2 2 2 2 1 1 2 1;...
